	i	M	o
M	-0.150385858821	-9.0	-0.533602610672
V	-7.01977197443	-23.4251626429	-7.2703722788
E	-9.72821813673	-17.5791135491	-10.2838604183
P	-12.6233518084	-18.7600227044	-13.0030042356
L	-15.0446110703	-19.8627611049	-15.542153238
L	-17.4658703323	-20.9654995054	-18.0813022404
C	-22.3735232331	-23.0210375751	-22.8143535579
G	-24.1427084205	-24.0201259097	-23.9677480715
I	-25.1172308235	-25.3117891808	-24.9422704745
V	-26.0672102854	-26.487538341	-25.8922499364
L	-26.8715733486	-27.5902767415	-26.6966129996
G	-27.8834254698	-28.589365076	-27.7084651208
L	-28.687788533	-29.6921034765	-28.512828184
V	-29.6377679949	-30.8678526367	-29.4628076459
P	-31.1027285096	-25.1037576381	-31.1601193819
V	-26.9547472666	-26.2795067983	-26.7797869176
T	-28.2413813818	-27.1167759458	-28.0664210328
I	-28.9923085153	-28.4084392169	-28.8173481663
A	-29.9175527814	-28.8577243029	-29.7425924325
G	-30.7705865907	-29.8568126374	-30.5956262417
L	-31.5621858672	-30.5429511174	-31.3872255182
F	-32.4956496417	-31.7880760936	-32.3206892928
V	-33.4456291036	-32.7810214263	-33.2706687547
T	-34.7322632188	-34.0162305726	-34.5573028699
A	-35.657507485	-35.4644123098	-35.482547136
Y	-37.1642669568	-36.8560667028	-36.9893066078
L	-37.96863002	-38.1127820498	-37.793669671
Q	-39.8886462585	-39.521638473	-39.7136859095
Y	-41.3954057302	-41.6823007459	-41.2204453813
L	-42.1997687934	-42.7850391464	-42.0248084445
R	-44.0738442556	-44.7034546257	-43.8990671924
G	-44.9674717937	-45.7025429602	-45.024862666
D	-47.0580468026	-48.4438626031	-47.1154376749
L	-47.8624098658	-49.4739953646	-47.9198007381
A	-48.787654132	-49.1890565451	-48.8450450043
T	-50.0742882472	-50.4242656913	-50.1316791195
Y	-51.581047719	-52.3296223906	-51.6384385913
Maximum score: -51.581047719
Predicted States: ooMMMMMMMMMMMMMMMMMMMiiiiiiiiiiiiiiii